0.314730 0.408601 0.243171 1.570171 0.398695 0.398695 0.383384 0.383384
0.526088 0.451812 0.764584 0.186944 0.188579 0.188579 0.367188 0.367188
-0.261859 0.465438 0.780683 1.568424 0.644153 0.644153 0.531524 0.531524
0.197930 0.513834 0.658543 1.389389 0.428617 0.428617 0.423611 0.423611
-0.415793 0.451561 0.501580 1.002787 0.610577 0.610577 0.721032 0.721032
-0.553681 0.555656 0.274619 0.900693 0.648615 0.648615 0.823415 0.823415
0.104302 0.502759 0.869676 1.534775 0.536774 0.536774 0.392806 0.392806
0.341217 0.419036 0.454812 1.467276 0.372235 0.372235 0.378187 0.378187
-0.077874 0.470801 0.349344 0.642610 0.491016 0.491016 0.560600 0.560600
-0.131878 0.406225 0.437516 1.485534 0.553329 0.553329 0.536932 0.536932
-0.358220 0.314941 0.496207 1.339858 0.620671 0.620671 0.633059 0.633059
-0.193947 0.490904 0.298174 0.292744 0.538411 0.538411 0.586451 0.586451
0.009708 0.608360 0.280336 1.553657 0.490659 0.490659 0.500363 0.500363
-0.049127 0.367563 0.151972 1.564373 0.534062 0.534062 0.495597 0.495597
0.695285 0.487094 0.603574 0.629489 0.019718 0.019718 0.301649 0.301649
-0.531092 0.346213 0.663180 1.390886 0.691090 0.691090 0.721437 0.721437
0.614947 0.604222 0.800049 0.452491 0.033847 0.033847 0.335938 0.335938
0.170529 0.271484 0.870796 1.043652 0.426420 0.426420 0.448568 0.448568
-0.207941 0.599004 0.722960 1.196218 0.559152 0.559152 0.603579 0.603579
0.385267 0.296042 0.813712 1.022951 0.321130 0.321130 0.381104 0.381104
-0.433798 0.506920 0.664073 1.238667 0.639323 0.639323 0.716596 0.716596
0.007969 0.332727 0.335315 0.662234 0.489583 0.489583 0.503397 0.503397
-0.246101 0.273629 0.585596 0.805443 0.561492 0.561492 0.607812 0.607812
-0.211056 0.302821 0.835374 0.424708 0.536659 0.536659 0.616575 0.616575
-0.050457 0.398740 0.445777 0.786983 0.486269 0.486269 0.547276 0.547276
0.540844 0.586115 0.522604 0.898907 0.150452 0.150452 0.353281 0.353281
0.292711 0.488203 0.221740 1.377479 0.371490 0.371490 0.413234 0.413234
0.190259 0.575471 0.633273 0.534938 0.358861 0.358861 0.488898 0.488898
0.586438 0.443343 0.715971 1.086339 0.157175 0.157175 0.314264 0.314264
-0.177788 0.460536 0.678838 0.372994 0.511719 0.511719 0.618877 0.618877
-0.071971 0.566919 0.368786 0.622435 0.475511 0.475511 0.575942 0.575942
-0.588243 0.591184 0.467709 1.228520 0.680859 0.680859 0.863720 0.863720
-0.284343 0.553765 0.637392 0.246221 0.542101 0.542101 0.679087 0.679087
0.379452 0.556659 0.644310 0.531984 0.260145 0.260145 0.419347 0.419347
-0.312349 0.415690 0.020124 1.192325 0.596429 0.596429 0.608603 0.608603
-0.269545 0.458553 0.816328 0.817255 0.557002 0.557002 0.656798 0.656798
0.665156 0.401359 0.852884 1.126760 0.099229 0.099229 0.268703 0.268703
0.566226 0.295236 0.737092 1.386283 0.272971 0.272971 0.287012 0.287012
0.062160 0.434429 0.509523 1.272319 0.462636 0.462636 0.490039 0.490039
-0.088110 0.267924 0.310423 0.780747 0.533067 0.533067 0.519170 0.519170
0.428923 0.277347 0.508013 1.072881 0.319346 0.319346 0.367708 0.367708
0.323585 0.428103 0.143052 1.026367 0.366545 0.366545 0.408499 0.408499
-0.070012 0.500911 0.566740 0.212118 0.477783 0.477783 0.569780 0.569780
0.409928 0.416957 0.366560 1.202195 0.309740 0.309740 0.378654 0.378654
0.493528 0.582322 0.560305 0.366427 0.190616 0.190616 0.383878 0.383878
-0.371008 0.601203 0.051131 0.483243 0.591797 0.591797 0.658203 0.658203
0.254369 0.366803 0.539320 0.513280 0.375000 0.375000 0.443660 0.443660
0.296507 0.427313 0.646031 0.608325 0.330150 0.330150 0.439290 0.439290
-0.165703 0.536513 0.331297 0.531100 0.515039 0.515039 0.602586 0.602586
0.627296 0.269661 0.631655 1.565228 0.286038 0.286038 0.250751 0.250751
-0.405706 0.357200 0.663644 1.369995 0.646432 0.646432 0.654842 0.654842
0.457231 0.457128 0.518602 1.562024 0.333343 0.333343 0.324498 0.324498
0.152521 0.479979 0.795011 0.622259 0.384863 0.384863 0.493200 0.493200
-0.654648 0.475950 0.483472 0.940065 0.689986 0.689986 0.921692 0.921692
0.037447 0.442172 0.627393 1.204378 0.468841 0.468841 0.501563 0.501563
0.484220 0.271550 0.421207 1.269730 0.312916 0.312916 0.338759 0.338759
-0.347133 0.322159 0.397358 1.324141 0.614126 0.614126 0.628646 0.628646
-0.098605 0.278775 0.686053 0.470862 0.508301 0.508301 0.557639 0.557639
-0.372548 0.311432 0.140596 1.336385 0.628441 0.628441 0.613026 0.613026
-0.498516 0.586460 0.511563 1.234510 0.650391 0.650391 0.782014 0.782014
-0.395775 0.602962 0.711856 0.503251 0.581543 0.581543 0.761502 0.761502
0.310597 0.382627 0.389805 1.191484 0.363886 0.363886 0.409424 0.409424
-0.471195 0.299311 0.719238 0.892765 0.634968 0.634968 0.735844 0.735844
-0.024182 0.290307 0.764576 1.394059 0.534319 0.534319 0.480329 0.480329
0.011765 0.423439 0.444591 1.309070 0.484096 0.484096 0.505762 0.505762
-0.427433 0.599697 0.030804 0.913222 0.607187 0.607187 0.715151 0.715151
-0.321741 0.483934 0.648687 1.384672 0.615430 0.615430 0.625853 0.625853
-0.277582 0.526178 0.852123 0.695465 0.553185 0.553185 0.675432 0.675432
-0.006188 0.400788 0.196341 1.263788 0.494379 0.494379 0.508168 0.508168
0.510238 0.439430 0.403479 1.497025 0.283016 0.283016 0.321378 0.321378
-0.633234 0.296452 0.870197 1.114553 0.715975 0.715975 0.840225 0.840225
0.410892 0.453679 0.034179 1.288903 0.335551 0.335551 0.373291 0.373291
0.651406 0.540649 0.315942 1.501742 0.144474 0.144474 0.277235 0.277235
0.603474 0.501413 0.593338 0.399757 0.120877 0.120877 0.339844 0.339844
0.581457 0.540824 0.385611 1.536141 0.217588 0.217588 0.296136 0.296136
0.290049 0.575662 0.273416 0.910111 0.333432 0.333432 0.441563 0.441563
-0.429447 0.584212 0.295228 0.794229 0.601740 0.601740 0.746278 0.746278
-0.475709 0.571635 0.508834 1.341878 0.652574 0.652574 0.745365 0.745365
-0.377168 0.308199 0.661940 0.526241 0.594460 0.594460 0.679736 0.679736
-0.502948 0.324270 0.446332 0.759698 0.642650 0.642650 0.722656 0.722656
0.659948 0.475490 0.332332 1.407863 0.139174 0.139174 0.282143 0.282143
0.565137 0.350403 0.346056 0.960100 0.245226 0.245226 0.330599 0.330599
0.226341 0.548898 0.191542 0.511458 0.386458 0.386458 0.456003 0.456003
0.392415 0.602450 0.186943 0.380847 0.307354 0.307354 0.406738 0.406738
-0.016348 0.477329 0.081078 0.382940 0.511853 0.511853 0.494647 0.494647
-0.626570 0.385193 0.800968 0.912130 0.692036 0.692036 0.891865 0.891865
-0.081613 0.394544 0.185857 0.751257 0.518229 0.518229 0.531641 0.531641
0.340385 0.601917 0.510399 1.249588 0.320012 0.320012 0.402478 0.402478
0.677134 0.457822 0.580246 0.775331 0.044204 0.044204 0.303445 0.303445
-0.238007 0.405221 0.768772 1.223637 0.578125 0.578125 0.596828 0.596828
-0.360211 0.523526 0.369757 1.221418 0.595843 0.595843 0.684187 0.684187
0.603988 0.480226 0.429042 1.280908 0.164022 0.164022 0.307765 0.307765
-0.342654 0.311960 0.720327 1.488530 0.646843 0.646843 0.587565 0.587565
0.425176 0.387427 0.549066 0.816639 0.279550 0.279550 0.386719 0.386719
0.194651 0.498223 0.684120 1.096178 0.392171 0.392171 0.454834 0.454834
0.126435 0.599145 0.725048 1.152030 0.426595 0.426595 0.472768 0.472768
-0.261893 0.289122 0.796021 1.120016 0.582950 0.582950 0.607790 0.607790
-0.358683 0.588501 0.781408 1.169878 0.616728 0.616728 0.678743 0.678743
-0.475500 0.545705 0.240094 0.933092 0.623125 0.623125 0.759421 0.759421
0.429942 0.373378 0.644437 0.841347 0.273051 0.273051 0.383825 0.383825
0.307409 0.557082 0.212931 0.461098 0.349438 0.349438 0.431490 0.431490
0.548575 0.500150 0.709105 0.993753 0.165610 0.165610 0.335803 0.335803
-0.194311 0.609894 0.337802 0.302313 0.518466 0.518466 0.622037 0.622037
0.438476 0.303771 0.412700 1.055124 0.316299 0.316299 0.366333 0.366333
-0.336338 0.386238 0.574601 1.507962 0.632994 0.632994 0.605273 0.605273
0.288311 0.297857 0.307479 1.221622 0.400959 0.400959 0.404514 0.404514
0.422457 0.520481 0.825876 0.481063 0.229150 0.229150 0.401693 0.401693
-0.057660 0.561910 0.595002 0.811628 0.470501 0.470501 0.574330 0.574330
-0.135091 0.436802 0.673347 0.643410 0.502829 0.502829 0.597461 0.597461
0.146133 0.572200 0.203677 1.218219 0.410701 0.410701 0.478448 0.478448
-0.007944 0.489821 0.124096 0.642524 0.485639 0.485639 0.518192 0.518192
0.030852 0.448520 0.599022 0.338766 0.444844 0.444844 0.530599 0.530599
-0.093364 0.289069 0.672481 0.222311 0.512188 0.512188 0.546769 0.546769
0.071662 0.550879 0.008626 0.934986 0.449886 0.449886 0.498437 0.498437
0.617911 0.601796 0.474947 0.438997 0.085262 0.085262 0.340909 0.340909
0.620662 0.589234 0.400934 0.380534 0.126953 0.126953 0.337500 0.337500
0.422648 0.554989 0.499590 1.025174 0.254142 0.254142 0.389027 0.389027
-0.418662 0.407764 0.835843 0.487371 0.598544 0.598544 0.744922 0.744922
-0.371142 0.434166 0.628157 1.379013 0.630279 0.630279 0.649354 0.649354
-0.659199 0.505336 0.569371 0.795504 0.685971 0.685971 0.955757 0.955757
-0.308654 0.527559 0.356186 0.721653 0.561942 0.561942 0.671745 0.671745
-0.651734 0.517450 0.859728 0.267747 0.673828 0.673828 0.973501 0.973501
-0.077038 0.581231 0.111832 0.754588 0.489714 0.489714 0.561999 0.561999
-0.046068 0.263921 0.378425 1.074602 0.515067 0.515067 0.514429 0.514429
-0.442523 0.551678 0.633044 0.512739 0.599609 0.599609 0.777734 0.777734
-0.581818 0.532502 0.152680 1.253972 0.672818 0.672818 0.812787 0.812787
-0.321016 0.276391 0.433004 1.329162 0.610276 0.610276 0.607356 0.607356
-0.534385 0.316167 0.777142 1.046531 0.668199 0.668199 0.773489 0.773489
0.019001 0.282055 0.087993 0.979825 0.521019 0.521019 0.466300 0.466300
0.015847 0.287171 0.781362 0.528352 0.462131 0.462131 0.524816 0.524816
0.155346 0.390268 0.221685 1.255782 0.438068 0.438068 0.454504 0.454504
-0.175528 0.417467 0.407197 1.208058 0.541079 0.541079 0.582938 0.582938
0.028893 0.366376 0.603776 0.684188 0.454861 0.454861 0.522254 0.522254
-0.569140 0.358704 0.494558 1.465996 0.701855 0.701855 0.740044 0.740044
-0.106144 0.512324 0.108250 0.280311 0.532031 0.532031 0.523438 0.523438
-0.047794 0.474289 0.763730 1.518928 0.559992 0.559992 0.472935 0.472935
0.032548 0.490035 0.411376 0.279034 0.454314 0.454314 0.520559 0.520559
-0.343309 0.394843 0.242785 1.074427 0.595636 0.595636 0.644281 0.644281
0.126072 0.491910 0.333428 0.315169 0.429036 0.429036 0.483915 0.483915
-0.069033 0.370082 0.002510 1.064374 0.532366 0.532366 0.507127 0.507127
-0.544623 0.329560 0.802241 0.358405 0.645833 0.645833 0.799740 0.799740
0.103349 0.443070 0.846118 0.686209 0.412054 0.412054 0.505441 0.505441
0.153599 0.384050 0.606344 0.984267 0.412388 0.412388 0.472534 0.472534
-0.358355 0.470602 0.826195 0.508994 0.576562 0.576562 0.719804 0.719804
-0.420644 0.581779 0.029753 0.878755 0.606488 0.606488 0.704354 0.704354
0.220161 0.351527 0.645514 0.975965 0.388193 0.388193 0.447455 0.447455
0.548929 0.286661 0.800883 1.500809 0.332415 0.332415 0.269942 0.269942
0.340326 0.280541 0.432452 0.992972 0.365967 0.365967 0.397964 0.397964
-0.145902 0.502686 0.372698 1.551747 0.556337 0.556337 0.545898 0.545898
0.339964 0.469159 0.280325 0.711358 0.335882 0.335882 0.417031 0.417031
-0.385813 0.423283 0.825539 0.827210 0.600028 0.600028 0.716574 0.716574
-0.387807 0.595709 0.216338 1.146854 0.596933 0.596933 0.712017 0.712017
-0.412978 0.464150 0.713799 0.395679 0.593192 0.593192 0.742781 0.742781
-0.598493 0.333921 0.750911 0.577890 0.667739 0.667739 0.847105 0.847105
-0.332877 0.340278 0.386755 1.126520 0.595703 0.595703 0.638472 0.638472
-0.274325 0.593959 0.686216 1.002903 0.561942 0.561942 0.661181 0.661181
0.184007 0.309653 0.364488 0.659435 0.433728 0.433728 0.447483 0.447483
0.020125 0.518931 0.015576 0.439789 0.496724 0.496724 0.489294 0.489294
0.620040 0.548071 0.408673 0.771607 0.100154 0.100154 0.329613 0.329613
0.109390 0.582053 0.426458 0.411093 0.403878 0.403878 0.512178 0.512178
-0.628329 0.440757 0.627636 0.848299 0.681315 0.681315 0.901668 0.901668
-0.504580 0.488172 0.824527 0.804660 0.638997 0.638997 0.814063 0.814063
0.310468 0.552509 0.467228 1.429910 0.364812 0.364812 0.396875 0.396875
0.172401 0.327847 0.277325 0.673945 0.445376 0.445376 0.446414 0.446414
-0.179480 0.556410 0.166541 1.566570 0.557749 0.557749 0.569285 0.569285
-0.406852 0.337639 0.585787 0.770580 0.607656 0.607656 0.699173 0.699173
0.366065 0.538668 0.660588 1.559485 0.394728 0.394728 0.338867 0.338867
0.054304 0.519458 0.360312 0.668721 0.435777 0.435777 0.521673 0.521673
0.114882 0.278511 0.796148 1.507771 0.514180 0.514180 0.411072 0.411072
-0.673453 0.526134 0.389043 1.563878 0.740184 0.740184 0.858451 0.858451
-0.133539 0.297098 0.466107 1.552724 0.572422 0.572422 0.512925 0.512925
-0.402539 0.457805 0.542117 0.898950 0.601562 0.601562 0.721387 0.721387
-0.165115 0.443467 0.242802 1.558251 0.562409 0.562409 0.549284 0.549284
-0.410702 0.589960 0.351078 0.571597 0.589384 0.589384 0.736667 0.736667
-0.155569 0.384589 0.837104 1.377091 0.579844 0.579844 0.526849 0.526849
-0.075348 0.345751 0.697581 0.438937 0.489628 0.489628 0.561161 0.561161
0.051327 0.552344 0.137493 0.800618 0.447107 0.447107 0.513672 0.513672
0.045403 0.465083 0.610417 1.276760 0.470745 0.470745 0.493421 0.493421
0.473143 0.492019 0.634794 1.514165 0.320973 0.320973 0.313523 0.313523
0.064545 0.480554 0.431442 0.605521 0.433594 0.433594 0.517318 0.517318
0.485497 0.525889 0.804231 1.257313 0.267551 0.267551 0.324820 0.324820
0.148388 0.586487 0.423281 1.022846 0.393930 0.393930 0.488571 0.488571
-0.526972 0.368902 0.584167 1.075822 0.658203 0.658203 0.772050 0.772050
0.089591 0.583476 0.104887 0.776406 0.431250 0.431250 0.503646 0.503646
-0.591746 0.605887 0.386036 1.145280 0.672344 0.672344 0.878590 0.878590
-0.662732 0.467172 0.646011 0.583466 0.683594 0.683594 0.951576 0.951576
-0.088391 0.605810 0.031180 1.075633 0.495620 0.495620 0.565739 0.565739
-0.426217 0.451253 0.792534 0.674541 0.605646 0.605646 0.754176 0.754176
0.061209 0.450396 0.123970 0.970745 0.462092 0.462092 0.494141 0.494141
-0.153047 0.471271 0.533001 0.286897 0.510742 0.510742 0.596522 0.596522
-0.187683 0.263205 0.866013 0.226093 0.532878 0.532878 0.595859 0.595859
-0.407832 0.406341 0.562129 1.145674 0.619073 0.619073 0.699387 0.699387
-0.103953 0.355539 0.722677 0.489792 0.497975 0.497975 0.575658 0.575658
0.530570 0.431391 0.107720 1.119987 0.273438 0.273438 0.339340 0.339340
-0.256419 0.380356 0.139646 0.795122 0.576517 0.576517 0.582031 0.582031
-0.223640 0.332185 0.568852 1.123136 0.561006 0.561006 0.597722 0.597722
-0.113368 0.450921 0.637858 0.864287 0.500558 0.500558 0.583301 0.583301
0.536832 0.549364 0.504249 0.329724 0.180710 0.180710 0.366629 0.366629
-0.293694 0.349003 0.840431 0.842892 0.572193 0.572193 0.653432 0.653432
0.020583 0.467848 0.249964 0.920294 0.462838 0.462838 0.520481 0.520481
0.141539 0.287518 0.714849 0.361277 0.424419 0.424419 0.476562 0.476562
0.131755 0.595997 0.418058 1.045145 0.402441 0.402441 0.493583 0.493583
-0.281914 0.414723 0.532879 1.152455 0.575781 0.575781 0.634921 0.634921
-0.395648 0.385827 0.544465 1.083202 0.611886 0.611886 0.691971 0.691971
0.639807 0.554469 0.648859 1.257856 0.105129 0.105129 0.281710 0.281710
-0.274408 0.585276 0.002453 1.471436 0.575911 0.575911 0.620793 0.620793
-0.046401 0.273472 0.606626 0.694843 0.494721 0.494721 0.534970 0.534970
-0.463341 0.269074 0.411330 1.321823 0.656250 0.656250 0.670025 0.670025
-0.425981 0.321981 0.276674 1.389934 0.643581 0.643581 0.651200 0.651200
0.320111 0.445389 0.792228 0.556272 0.306304 0.306304 0.433239 0.433239
-0.296764 0.599634 0.469591 0.175399 0.548828 0.548828 0.674173 0.674173
-0.440213 0.408682 0.540249 0.258496 0.612413 0.612413 0.701451 0.701451
-0.374066 0.396662 0.282790 0.977203 0.602445 0.602445 0.664667 0.664667
0.379151 0.541700 0.222809 0.743896 0.304313 0.304313 0.409477 0.409477
0.389525 0.567474 0.370451 0.773099 0.273116 0.273116 0.410156 0.410156
0.582281 0.479588 0.688305 1.374948 0.213667 0.213667 0.287793 0.287793
0.675655 0.384457 0.844206 1.459134 0.215558 0.215558 0.222583 0.222583
0.094729 0.499090 0.190808 1.149531 0.438772 0.438772 0.491613 0.491613
-0.070096 0.478920 0.189397 0.252732 0.518799 0.518799 0.519219 0.519219
0.380644 0.294010 0.090750 1.409789 0.398404 0.398404 0.359738 0.359738
0.252977 0.542759 0.673852 0.235799 0.333298 0.333298 0.465909 0.465909
0.109485 0.334626 0.528868 1.291733 0.458659 0.458659 0.464243 0.464243
0.010292 0.408901 0.333391 1.356430 0.489528 0.489528 0.501270 0.501270
0.558434 0.490913 0.821785 1.031552 0.167665 0.167665 0.321447 0.321447
0.588608 0.407014 0.369011 0.821588 0.205829 0.205829 0.330497 0.330497
-0.109870 0.532500 0.177986 0.291916 0.518136 0.518136 0.550347 0.550347
0.684477 0.455874 0.669109 1.448828 0.144440 0.144440 0.241943 0.241943
0.355070 0.493661 0.343201 0.340168 0.334856 0.334856 0.414062 0.414062
0.137561 0.593576 0.276831 0.748342 0.397718 0.397718 0.497541 0.497541
-0.123542 0.562718 0.064159 1.199534 0.514113 0.514113 0.572351 0.572351
0.035297 0.497634 0.618098 0.226838 0.436942 0.436942 0.535156 0.535156
0.107188 0.262342 0.488202 1.042279 0.456189 0.456189 0.470122 0.470122
0.127138 0.517366 0.284818 0.554624 0.417578 0.417578 0.491168 0.491168
0.127032 0.363690 0.291784 1.354541 0.455682 0.455682 0.456650 0.456650
-0.490147 0.554960 0.556294 0.453540 0.615560 0.615560 0.802383 0.802383
0.151125 0.551637 0.093909 1.088585 0.413368 0.413368 0.476562 0.476562
0.556849 0.573615 0.380995 0.526069 0.164776 0.164776 0.357096 0.357096
0.143281 0.264237 0.811034 0.741750 0.419158 0.419158 0.474609 0.474609
0.345559 0.508854 0.221021 1.481318 0.353748 0.353748 0.388550 0.388550
-0.320835 0.579209 0.658465 0.913857 0.571214 0.571214 0.695249 0.695249
-0.365040 0.283560 0.593128 0.833747 0.599420 0.599420 0.664014 0.664014
-0.011303 0.373167 0.574487 0.266985 0.476562 0.476562 0.528960 0.528960
0.027858 0.304372 0.497292 1.309652 0.492520 0.492520 0.486753 0.486753
0.487045 0.554257 0.279547 0.997313 0.225548 0.225548 0.370584 0.370584
0.469357 0.558163 0.106989 0.924719 0.260945 0.260945 0.375372 0.375372
-0.020989 0.385435 0.474108 0.757437 0.476907 0.476907 0.536287 0.536287
0.429398 0.590652 0.362696 1.521604 0.307268 0.307268 0.352661 0.352661
0.584827 0.464836 0.683730 1.220346 0.176174 0.176174 0.305147 0.305147
0.032044 0.418669 0.633642 1.123074 0.465044 0.465044 0.508326 0.508326
-0.408501 0.464596 0.401114 0.714322 0.599524 0.599524 0.712569 0.712569
0.527307 0.603538 0.646911 0.419360 0.143630 0.143630 0.371094 0.371094
0.260970 0.386990 0.702047 1.188479 0.384624 0.384624 0.418497 0.418497
-0.028783 0.590951 0.658307 1.251199 0.495898 0.495898 0.525312 0.525312
0.027282 0.582852 0.824514 1.199119 0.485652 0.485652 0.493281 0.493281
-0.296274 0.514376 0.601869 1.046421 0.571815 0.571815 0.664002 0.664002
0.098408 0.443667 0.476657 0.686767 0.423828 0.423828 0.501953 0.501953
0.490244 0.281500 0.748361 0.396491 0.261376 0.261376 0.365699 0.365699
-0.063133 0.528476 0.209324 1.187668 0.493107 0.493107 0.550591 0.550591
-0.031027 0.476664 0.155181 0.738539 0.489383 0.489383 0.529147 0.529147
-0.022073 0.314296 0.583939 0.857976 0.483507 0.483507 0.529811 0.529811
0.390828 0.382304 0.578034 0.918202 0.299609 0.299609 0.394982 0.394982
0.161948 0.592499 0.449580 1.416268 0.424636 0.424636 0.452040 0.452040
0.266027 0.564416 0.479043 0.633450 0.331012 0.331012 0.457031 0.457031
0.239059 0.571965 0.377017 1.384859 0.385118 0.385118 0.431396 0.431396
-0.659772 0.572451 0.824044 1.042930 0.717330 0.717330 0.958351 0.958351
0.254419 0.509686 0.140216 1.386459 0.388083 0.388083 0.427557 0.427557
-0.627810 0.352596 0.235801 1.323618 0.703993 0.703993 0.768973 0.768973
-0.129681 0.478465 0.538140 0.649413 0.499421 0.499421 0.595378 0.595378
0.129679 0.338099 0.096464 0.861300 0.475037 0.475037 0.446250 0.446250
-0.648293 0.530022 0.708461 0.241123 0.669922 0.669922 0.950542 0.950542
0.275902 0.596736 0.552462 0.796114 0.320391 0.320391 0.451087 0.451087
-0.063480 0.449011 0.229648 1.233019 0.504107 0.504107 0.538245 0.538245
0.456885 0.332105 0.164602 1.104852 0.340554 0.340554 0.354241 0.354241
-0.523718 0.511741 0.774692 1.445544 0.711703 0.711703 0.707715 0.707715
0.660312 0.380286 0.805187 1.018325 0.088441 0.088441 0.285393 0.285393
-0.153602 0.314733 0.561525 0.526696 0.527974 0.527974 0.574602 0.574602
-0.316237 0.487251 0.055099 0.717066 0.586238 0.586238 0.617920 0.617920
-0.235309 0.470831 0.465939 1.507966 0.588077 0.588077 0.580027 0.580027
-0.132576 0.265743 0.181627 0.835365 0.560029 0.560029 0.514178 0.514178
-0.173753 0.495150 0.357507 1.427223 0.551182 0.551182 0.572368 0.572368
0.012315 0.542202 0.256122 0.780114 0.454963 0.454963 0.534180 0.534180
0.172212 0.405857 0.377359 0.741706 0.410406 0.410406 0.468077 0.468077
0.062244 0.266206 0.822864 0.647940 0.447882 0.447882 0.505534 0.505534
-0.027976 0.266932 0.711463 0.236897 0.490755 0.490755 0.525000 0.525000
-0.582443 0.379712 0.236917 1.296018 0.685133 0.685133 0.761509 0.761509
0.019032 0.591657 0.328460 1.360329 0.469043 0.469043 0.514974 0.514974
-0.203734 0.334666 0.546659 1.094530 0.552009 0.552009 0.591903 0.591903
-0.131427 0.374246 0.151477 1.241895 0.539444 0.539444 0.544198 0.544198
0.027913 0.304568 0.635930 0.427386 0.466295 0.466295 0.513616 0.513616
0.153110 0.544025 0.467642 1.166760 0.405469 0.405469 0.474392 0.474392
-0.579938 0.431984 0.827281 1.188588 0.700063 0.700063 0.808918 0.808918
-0.125011 0.373753 0.151580 1.414800 0.546582 0.546582 0.533766 0.533766
-0.580690 0.572435 0.075846 1.322655 0.673377 0.673377 0.812159 0.812159
-0.037266 0.584008 0.761538 1.549771 0.567383 0.567383 0.458229 0.458229
0.640298 0.571620 0.422851 0.696256 0.068024 0.068024 0.324449 0.324449
0.031616 0.588494 0.314928 0.653548 0.437626 0.437626 0.536830 0.536830
0.320548 0.449920 0.253163 1.421072 0.369629 0.369629 0.397910 0.397910
-0.342956 0.323748 0.480382 0.888204 0.592215 0.592215 0.652444 0.652444
-0.182121 0.349548 0.352431 1.094032 0.547105 0.547105 0.576754 0.576754
0.379158 0.442048 0.772228 1.545372 0.412065 0.412065 0.322574 0.322574
0.517440 0.554309 0.763097 1.153702 0.211908 0.211908 0.328947 0.328947
0.655813 0.316873 0.627805 1.231650 0.158182 0.158182 0.278103 0.278103
-0.096906 0.308453 0.196861 1.509910 0.552849 0.552849 0.506634 0.506634
-0.236553 0.500244 0.426458 0.974334 0.544643 0.544643 0.635156 0.635156
-0.388433 0.599091 0.564953 1.519408 0.650017 0.650017 0.648698 0.648698
0.465818 0.606233 0.343144 1.412096 0.261431 0.261431 0.353255 0.353255
0.328726 0.579760 0.807247 1.016528 0.318109 0.318109 0.405762 0.405762
-0.010869 0.510318 0.856841 1.120309 0.492276 0.492276 0.514212 0.514212
0.347838 0.404991 0.535426 1.545504 0.391629 0.391629 0.360491 0.360491
-0.446939 0.468696 0.742607 0.711929 0.611979 0.611979 0.768187 0.768187
0.515913 0.330090 0.647697 1.570646 0.340805 0.340805 0.287816 0.287816
-0.034264 0.305715 0.060101 1.542508 0.541711 0.541711 0.477907 0.477907
-0.140812 0.433530 0.205808 0.704215 0.528837 0.528837 0.562425 0.562425
-0.298983 0.512860 0.333304 1.549063 0.604167 0.604167 0.612144 0.612144
0.379261 0.298357 0.540566 1.175357 0.342152 0.342152 0.380418 0.380418
0.033900 0.354882 0.862523 0.791500 0.453019 0.453019 0.519308 0.519308
-0.324012 0.604226 0.251930 0.503964 0.562200 0.562200 0.677628 0.677628
-0.112868 0.523468 0.543575 0.696367 0.489934 0.489934 0.594643 0.594643
0.689591 0.515856 0.487320 1.472421 0.107330 0.107330 0.254223 0.254223
0.163242 0.356648 0.065650 0.841012 0.466146 0.466146 0.436198 0.436198
-0.021624 0.433279 0.499540 1.443528 0.512184 0.512184 0.502244 0.502244
0.697079 0.538734 0.341208 1.029406 0.031968 0.031968 0.291767 0.291767
0.159433 0.339910 0.525247 0.422607 0.424267 0.424267 0.467849 0.467849
0.128128 0.290969 0.765788 1.302792 0.467740 0.467740 0.442255 0.442255
0.027887 0.401166 0.617599 1.123005 0.468652 0.468652 0.508887 0.508887
-0.375205 0.605671 0.029004 1.316594 0.599826 0.599826 0.685205 0.685205
0.305394 0.607859 0.540514 1.318179 0.350072 0.350072 0.405633 0.405633
-0.032826 0.447239 0.195887 0.280552 0.514560 0.514560 0.503005 0.503005
0.062571 0.416911 0.147394 1.163844 0.468085 0.468085 0.488567 0.488567
-0.458315 0.527182 0.829225 1.472476 0.702983 0.702983 0.641462 0.641462
0.544346 0.359765 0.760936 1.103799 0.216369 0.216369 0.323549 0.323549
0.144766 0.432258 0.161395 0.634742 0.445312 0.445312 0.462324 0.462324
-0.567938 0.599935 0.822946 1.372318 0.727963 0.727963 0.758203 0.758203
0.659070 0.476714 0.738895 0.441417 0.038935 0.038935 0.317708 0.317708
0.590780 0.327651 0.613415 1.502857 0.270350 0.270350 0.274800 0.274800
-0.661640 0.354152 0.676099 0.751197 0.693359 0.693359 0.907793 0.907793
0.163756 0.413365 0.730003 0.363420 0.390214 0.390214 0.487038 0.487038
-0.670910 0.425041 0.356572 1.570072 0.740412 0.740412 0.817622 0.817622
-0.373704 0.267446 0.492392 1.025390 0.611643 0.611643 0.650304 0.650304
0.539517 0.462951 0.673269 1.387125 0.251674 0.251674 0.304187 0.304187
0.042904 0.500000 0.119838 0.250931 0.494271 0.494271 0.481201 0.481201
-0.159483 0.382403 0.454367 0.786544 0.525000 0.525000 0.585598 0.585598
0.202385 0.315672 0.092228 1.125446 0.450644 0.450644 0.424352 0.424352
0.520938 0.600267 0.863080 0.266668 0.131990 0.131990 0.373047 0.373047
0.258809 0.528358 0.025979 0.642897 0.398698 0.398698 0.431875 0.431875
0.392924 0.535566 0.108062 1.212813 0.310456 0.310456 0.392299 0.392299
0.588992 0.580317 0.724330 0.243481 0.089690 0.089690 0.351004 0.351004
0.266513 0.531738 0.537881 0.531191 0.333903 0.333903 0.457589 0.457589
0.135344 0.548652 0.674397 0.679478 0.387541 0.387541 0.501875 0.501875
0.072561 0.360837 0.269595 1.427082 0.481818 0.481818 0.468841 0.468841
0.223415 0.396483 0.716932 1.397312 0.432884 0.432884 0.405895 0.405895
-0.584057 0.489513 0.363181 1.269129 0.680176 0.680176 0.821482 0.821482
0.262976 0.321882 0.750479 1.263169 0.403372 0.403372 0.404748 0.404748
0.213678 0.502874 0.446362 1.527037 0.427065 0.427065 0.417597 0.417597
0.407817 0.539130 0.859051 1.122075 0.295829 0.295829 0.362196 0.362196
0.497000 0.425435 0.658969 1.568972 0.337092 0.337092 0.294108 0.294108
-0.325704 0.588411 0.541055 0.407797 0.556190 0.556190 0.703848 0.703848
0.229513 0.264556 0.595103 0.308611 0.415985 0.415985 0.436481 0.436481
0.077802 0.353621 0.738168 1.059356 0.451083 0.451083 0.488824 0.488824
-0.016998 0.582482 0.661767 0.272002 0.442845 0.442845 0.568452 0.568452
-0.041217 0.265869 0.627755 1.010500 0.500206 0.500206 0.526799 0.526799
0.079147 0.387494 0.799478 1.455591 0.510071 0.510071 0.435041 0.435041
0.279006 0.328282 0.262627 0.862503 0.400499 0.400499 0.416016 0.416016
-0.626683 0.412905 0.763707 0.361096 0.669922 0.669922 0.896215 0.896215
0.565970 0.508778 0.496504 1.535321 0.245333 0.245333 0.291895 0.291895
-0.596798 0.596360 0.742490 1.035192 0.686827 0.686827 0.899123 0.899123
-0.333198 0.536793 0.549934 0.464460 0.561719 0.561719 0.699023 0.699023
-0.051299 0.449106 0.859359 0.606517 0.471224 0.471224 0.568704 0.568704
0.004710 0.577904 0.657063 0.501685 0.435547 0.435547 0.556875 0.556875
0.469205 0.369681 0.725599 1.287770 0.296269 0.296269 0.336254 0.336254
-0.149269 0.515425 0.157820 0.519293 0.525036 0.525036 0.571221 0.571221
0.421275 0.597581 0.562304 1.012950 0.246820 0.246820 0.388822 0.388822
-0.327304 0.535111 0.539422 0.317199 0.562174 0.562174 0.690234 0.690234
0.243839 0.601128 0.195555 0.751180 0.357164 0.357164 0.458899 0.458899
-0.107027 0.268970 0.369606 0.919757 0.531441 0.531441 0.535391 0.535391
-0.246762 0.330884 0.453299 0.370361 0.566406 0.566406 0.588325 0.588325
-0.324084 0.585563 0.767380 1.225029 0.609473 0.609473 0.649137 0.649137
0.164860 0.310164 0.854110 1.389388 0.477013 0.477013 0.409272 0.409272
-0.117678 0.391775 0.522198 1.501438 0.556131 0.556131 0.523177 0.523177
0.650967 0.269817 0.775353 1.386985 0.220665 0.220665 0.252572 0.252572
0.089240 0.606259 0.305200 0.322781 0.422061 0.422061 0.512921 0.512921
0.638713 0.577335 0.664219 0.265140 0.046648 0.046648 0.332031 0.332031
0.031395 0.606444 0.531523 1.212549 0.456934 0.456934 0.515960 0.515960
-0.582896 0.422752 0.257175 1.090628 0.672548 0.672548 0.788693 0.788693
-0.661215 0.552893 0.470137 0.954388 0.690000 0.690000 0.959375 0.959375
-0.186857 0.286332 0.371336 1.033304 0.553948 0.553948 0.568135 0.568135
-0.301486 0.268475 0.834291 1.297853 0.618914 0.618914 0.593617 0.593617
-0.643664 0.301688 0.726149 1.462742 0.747839 0.747839 0.763962 0.763962
-0.511700 0.403310 0.872615 0.284251 0.627279 0.627279 0.806075 0.806075
0.441466 0.480912 0.238303 1.559652 0.322554 0.322554 0.347759 0.347759
-0.482243 0.398682 0.543564 0.508609 0.624132 0.624132 0.746824 0.746824
0.029351 0.515217 0.490291 1.351714 0.476842 0.476842 0.500476 0.500476
0.036171 0.402645 0.497628 1.369195 0.485503 0.485503 0.488645 0.488645
-0.567823 0.330293 0.565113 1.520957 0.713335 0.713335 0.714717 0.714717
-0.339144 0.471490 0.688069 0.511518 0.568945 0.568945 0.702054 0.702054
-0.637843 0.596371 0.207363 1.285858 0.692853 0.692853 0.893844 0.893844
-0.405549 0.347312 0.536230 0.345354 0.605957 0.605957 0.669408 0.669408
-0.043124 0.337221 0.151398 1.363829 0.523677 0.523677 0.502557 0.502557
-0.644337 0.308592 0.532539 1.570158 0.746173 0.746173 0.747835 0.747835
0.173417 0.466407 0.427995 1.075739 0.400781 0.400781 0.467076 0.467076
0.212501 0.442573 0.268673 1.290009 0.405622 0.405622 0.441298 0.441298
-0.128662 0.482772 0.483114 0.188461 0.507161 0.507161 0.579778 0.579778
0.225786 0.487694 0.364969 1.343357 0.395628 0.395628 0.435417 0.435417
0.154505 0.527634 0.838335 1.544253 0.515316 0.515316 0.380322 0.380322
0.166678 0.319872 0.442172 1.468006 0.457993 0.457993 0.428325 0.428325
-0.223131 0.274835 0.361290 1.355551 0.582031 0.582031 0.563215 0.563215
0.671252 0.566725 0.295654 0.986286 0.054607 0.054607 0.305501 0.305501
-0.424295 0.296302 0.763792 0.716659 0.613437 0.613437 0.714803 0.714803
-0.001896 0.436485 0.051834 0.796200 0.498302 0.498302 0.500558 0.500558
0.648034 0.507029 0.565060 0.852703 0.059758 0.059758 0.313010 0.313010
0.554798 0.494088 0.501596 1.054382 0.173493 0.173493 0.338792 0.338792
-0.561348 0.569600 0.245366 0.701190 0.646484 0.646484 0.819423 0.819423
-0.313201 0.483909 0.286163 0.878409 0.571815 0.571815 0.658329 0.658329
-0.503966 0.352602 0.046306 1.391498 0.668945 0.668945 0.664693 0.664693
-0.033244 0.496201 0.308900 0.529654 0.477775 0.477775 0.543561 0.543561
0.631525 0.422280 0.629047 1.113958 0.124366 0.124366 0.299242 0.299242
-0.659747 0.302453 0.647984 1.323419 0.730692 0.730692 0.824724 0.824724
0.035651 0.359023 0.491125 0.272069 0.473177 0.473177 0.501814 0.501814
-0.299589 0.410161 0.661199 0.594026 0.560059 0.560059 0.667578 0.667578
-0.138745 0.290967 0.375607 1.100121 0.539663 0.539663 0.550213 0.550213
-0.505746 0.511636 0.791002 0.382170 0.622314 0.622314 0.827572 0.827572
-0.083083 0.370434 0.577115 0.202957 0.503516 0.503516 0.549973 0.549973
0.078066 0.359790 0.759524 0.928413 0.441685 0.441685 0.497613 0.497613
0.520402 0.402508 0.276710 1.084754 0.255633 0.255633 0.345097 0.345097
0.542186 0.415540 0.780206 0.575573 0.167333 0.167333 0.353871 0.353871
0.134872 0.604230 0.135241 0.498814 0.415649 0.415649 0.488741 0.488741
-0.224989 0.525242 0.811217 0.883718 0.544010 0.544010 0.635882 0.635882
0.013079 0.442170 0.722664 1.461052 0.521849 0.521849 0.467634 0.467634
0.639094 0.289664 0.805131 0.495100 0.139771 0.139771 0.314453 0.314453
0.436541 0.599529 0.415704 0.251640 0.253150 0.253150 0.400391 0.400391
-0.153026 0.606111 0.595063 0.757145 0.500510 0.500510 0.620671 0.620671
0.128937 0.548048 0.207450 0.944996 0.413061 0.413061 0.490625 0.490625
0.433435 0.575432 0.071150 0.658562 0.298698 0.298698 0.387451 0.387451
-0.573395 0.452690 0.484149 0.970707 0.662260 0.662260 0.832208 0.832208
-0.479598 0.268360 0.273328 1.192571 0.656567 0.656567 0.665663 0.665663
0.666720 0.520754 0.667697 1.428756 0.140648 0.140648 0.250934 0.250934
0.578923 0.382286 0.866083 1.533015 0.334766 0.334766 0.241596 0.241596
0.160255 0.277390 0.857194 0.331717 0.407138 0.407138 0.475625 0.475625
0.635618 0.381260 0.323568 1.440247 0.204847 0.204847 0.283060 0.283060
0.161466 0.383110 0.261871 0.950518 0.428035 0.428035 0.461627 0.461627
0.206518 0.507239 0.018346 1.177629 0.407895 0.407895 0.447329 0.447329
0.250133 0.395186 0.538432 0.951667 0.369860 0.369860 0.442619 0.442619
-0.233001 0.430889 0.005059 1.435083 0.578228 0.578228 0.574272 0.574272
0.334317 0.381059 0.256640 1.212481 0.363839 0.363839 0.398667 0.398667
0.048267 0.396510 0.763380 0.722386 0.439804 0.439804 0.521013 0.521013
0.329113 0.275826 0.386080 1.116046 0.379097 0.379097 0.395871 0.395871
-0.250143 0.381478 0.297141 1.320124 0.576339 0.576339 0.595764 0.595764
0.390528 0.355727 0.383291 1.134464 0.330141 0.330141 0.383947 0.383947
-0.125778 0.365404 0.657502 0.202533 0.511068 0.511068 0.572562 0.572562
-0.327990 0.268944 0.318066 1.198312 0.607686 0.607686 0.608001 0.608001
-0.691174 0.573746 0.030378 1.414630 0.716986 0.716986 0.898438 0.898438
-0.385849 0.590975 0.769469 1.079869 0.614714 0.614714 0.710327 0.710327
0.543559 0.558622 0.449701 0.266098 0.194908 0.194908 0.362500 0.362500
-0.654215 0.313789 0.614235 1.472702 0.742809 0.742809 0.784480 0.784480
-0.660307 0.350238 0.245217 1.550370 0.732374 0.732374 0.772120 0.772120
0.345701 0.374794 0.641116 1.563774 0.412478 0.412478 0.347963 0.347963
0.120611 0.363112 0.363620 0.290529 0.463241 0.463241 0.462296 0.462296
0.395600 0.431319 0.774604 1.470136 0.381312 0.381312 0.330517 0.330517
0.267652 0.498885 0.518812 0.246231 0.351465 0.351465 0.450781 0.450781
-0.021326 0.416471 0.559847 0.491152 0.467969 0.467969 0.545166 0.545166
0.613553 0.552086 0.211965 0.955621 0.138661 0.138661 0.326986 0.326986
-0.363253 0.563213 0.349548 0.376685 0.577060 0.577060 0.692770 0.692770
-0.262446 0.365786 0.670597 0.528356 0.551107 0.551107 0.640842 0.640842
-0.397701 0.548630 0.307822 0.838169 0.593572 0.593572 0.720678 0.720678
0.288463 0.298312 0.686855 0.432076 0.363708 0.363708 0.431216 0.431216
-0.542448 0.427381 0.597427 0.567409 0.642578 0.642578 0.811682 0.811682
0.057237 0.414925 0.395887 0.551948 0.452832 0.452832 0.505859 0.505859
0.677478 0.348637 0.702623 1.382765 0.162690 0.162690 0.251090 0.251090
0.118224 0.563293 0.273488 1.267702 0.425160 0.425160 0.484835 0.484835
-0.046314 0.507207 0.740481 0.528808 0.461088 0.461088 0.572077 0.572077
0.601781 0.589495 0.318452 1.512415 0.178427 0.178427 0.295099 0.295099
-0.306761 0.318690 0.627872 0.994434 0.583287 0.583287 0.641602 0.641602
-0.017259 0.292841 0.219714 1.164177 0.512288 0.512288 0.496253 0.496253
0.407520 0.540942 0.299834 0.827516 0.275591 0.275591 0.401204 0.401204
-0.368010 0.408034 0.220887 1.005370 0.601852 0.601852 0.656674 0.656674
0.557753 0.337178 0.311283 1.294180 0.260680 0.260680 0.317749 0.317749
0.258503 0.580388 0.060932 1.227570 0.368750 0.368750 0.438756 0.438756
0.385739 0.351094 0.162807 1.371137 0.366662 0.366662 0.370671 0.370671
0.058180 0.310100 0.801587 0.589600 0.442274 0.442274 0.513861 0.513861
0.376192 0.286413 0.601854 0.355458 0.349121 0.349121 0.396289 0.396289
0.305225 0.547114 0.661215 1.483284 0.401693 0.401693 0.372673 0.372673
0.660572 0.604968 0.621573 0.526382 0.014439 0.014439 0.319987 0.319987
0.152767 0.347800 0.493910 0.298233 0.435813 0.435813 0.464334 0.464334
-0.436163 0.370449 0.634279 1.133369 0.632274 0.632274 0.709879 0.709879
0.267781 0.305729 0.195980 1.132855 0.416227 0.416227 0.410056 0.410056
-0.577008 0.277222 0.751933 0.638227 0.665202 0.665202 0.808733 0.808733
-0.394210 0.451945 0.641350 0.672788 0.591960 0.591960 0.725511 0.725511
-0.042850 0.439551 0.526618 1.234504 0.497095 0.497095 0.531428 0.531428
-0.511548 0.340145 0.522355 0.951754 0.647042 0.647042 0.753666 0.753666
0.391632 0.376641 0.785451 1.236793 0.334496 0.334496 0.362459 0.362459
0.532892 0.513160 0.319400 1.186179 0.209223 0.209223 0.342737 0.342737
0.646896 0.559097 0.532145 1.444494 0.137587 0.137587 0.269423 0.269423
-0.299619 0.379481 0.859867 0.499296 0.560547 0.560547 0.673394 0.673394
-0.085783 0.609028 0.486177 1.492323 0.532796 0.532796 0.528551 0.528551
0.379742 0.509544 0.452108 0.697648 0.284477 0.284477 0.412704 0.412704
0.444242 0.566252 0.463300 0.377517 0.241528 0.241528 0.398438 0.398438
-0.197020 0.546978 0.604394 1.305650 0.557644 0.557644 0.589716 0.589716
0.407722 0.295310 0.782208 0.799287 0.293687 0.293687 0.385417 0.385417
-0.207410 0.296171 0.480712 0.524843 0.552865 0.552865 0.579651 0.579651
0.383327 0.479817 0.703698 0.447251 0.269531 0.269531 0.414522 0.414522
-0.371813 0.480969 0.471410 0.894789 0.588867 0.588867 0.704129 0.704129
0.542380 0.574331 0.846918 1.113032 0.189365 0.189365 0.314913 0.314913
-0.009857 0.480563 0.425805 0.647047 0.462324 0.462324 0.543773 0.543773
0.308365 0.283250 0.466211 1.276176 0.389142 0.389142 0.395765 0.395765
0.287758 0.322387 0.757851 1.315671 0.401943 0.401943 0.389803 0.389803
-0.508642 0.439245 0.636741 1.043447 0.649515 0.649515 0.782844 0.782844
-0.146463 0.550511 0.013197 0.902415 0.522705 0.522705 0.574531 0.574531
-0.658157 0.359918 0.869796 0.496084 0.687089 0.687089 0.935421 0.935421
-0.233235 0.404565 0.355988 0.615642 0.551983 0.551983 0.605539 0.605539
-0.183877 0.364945 0.222950 1.105207 0.550564 0.550564 0.569792 0.569792
-0.571344 0.580883 0.087406 1.022224 0.657645 0.657645 0.815011 0.815011
0.071123 0.484606 0.378940 0.384984 0.441406 0.441406 0.507626 0.507626
0.454519 0.310062 0.579994 1.011088 0.286896 0.286896 0.364746 0.364746
-0.127217 0.547307 0.209947 0.796555 0.505253 0.505253 0.584413 0.584413
-0.066324 0.294090 0.182127 1.149717 0.530253 0.530253 0.508890 0.508890
-0.458125 0.428414 0.395266 1.391890 0.648549 0.648549 0.701414 0.701414
0.342591 0.389888 0.592811 1.529798 0.398289 0.398289 0.358420 0.358420
0.431838 0.279443 0.443250 1.454407 0.357422 0.357422 0.340987 0.340987
-0.062639 0.410022 0.700024 1.155782 0.507312 0.507312 0.537279 0.537279
-0.448044 0.457465 0.688666 0.766943 0.614524 0.614524 0.761850 0.761850
0.349758 0.331802 0.253751 1.486322 0.389860 0.389860 0.372095 0.372095
0.400465 0.284467 0.437656 1.566128 0.388623 0.388623 0.339643 0.339643
0.203379 0.591754 0.195171 0.825179 0.374826 0.374826 0.470313 0.470313
0.198577 0.371696 0.207066 0.902562 0.423988 0.423988 0.443685 0.443685
-0.372035 0.490189 0.767987 0.421489 0.577083 0.577083 0.728279 0.728279
0.191490 0.268998 0.783823 1.197797 0.432633 0.432633 0.430371 0.430371
0.411598 0.470381 0.003660 1.403509 0.337969 0.337969 0.368963 0.368963
-0.217498 0.554103 0.838855 1.176546 0.572368 0.572368 0.595324 0.595324
0.101959 0.507255 0.500709 1.539164 0.476151 0.476151 0.450493 0.450493
0.566884 0.549770 0.770996 1.483321 0.275932 0.275932 0.263404 0.263404
0.116149 0.601202 0.059971 0.773948 0.422161 0.422161 0.494291 0.494291
0.106148 0.544216 0.460980 0.991380 0.414268 0.414268 0.501886 0.501886
-0.389908 0.386421 0.574449 1.080337 0.611049 0.611049 0.690823 0.690823
-0.294351 0.570850 0.223594 1.503331 0.590477 0.590477 0.627288 0.627288
0.273153 0.381265 0.744554 0.823117 0.350015 0.350015 0.436523 0.436523
-0.343256 0.573747 0.750309 1.282407 0.621853 0.621853 0.650659 0.650659
0.542800 0.382536 0.483768 0.953551 0.215495 0.215495 0.341460 0.341460
0.539997 0.435649 0.823955 0.407927 0.161700 0.161700 0.360107 0.360107
0.303671 0.601282 0.434851 0.617039 0.308521 0.308521 0.445312 0.445312
-0.378437 0.454561 0.747853 1.497052 0.663841 0.663841 0.609226 0.609226
0.027864 0.580509 0.076407 1.043697 0.455078 0.455078 0.522135 0.522135
-0.170077 0.325666 0.376484 1.408352 0.562944 0.562944 0.548673 0.548673
-0.606358 0.550100 0.762363 0.494355 0.660156 0.660156 0.935156 0.935156
0.275432 0.270618 0.070973 1.471986 0.449006 0.449006 0.383062 0.383062
0.503400 0.595964 0.510191 0.327860 0.187843 0.187843 0.379464 0.379464
0.493873 0.459379 0.345696 0.859246 0.242152 0.242152 0.365885 0.365885
-0.451251 0.363506 0.616709 1.293925 0.649503 0.649503 0.696757 0.696757
0.459144 0.582447 0.093058 1.315263 0.266889 0.266889 0.368924 0.368924
-0.300837 0.487614 0.665901 0.608926 0.555398 0.555398 0.682955 0.682955
-0.650562 0.607911 0.476366 0.315592 0.667969 0.667969 0.926356 0.926356
